1000
5974 4051
-1662 -2358
1715 7931
9718 1995
5075 6672
-2719 1490
4037 9093
-4669 6294
-2767 8020
-6448 6020
1663 -5932
-2772 -7843
5023 -6436
3134 2498
-9086 1411
8698 -169
7444 1790
9947 -3416
5518 1861
-6832 1003
-5946 80
4951 -8928
-594 3391
-3258 -4717
-5925 -4650
6926 -7361
-7115 -986
8357 7012
6232 -2045
-8969 -8877
1894 4879
4839 -6272
-9879 -5653
9159 9289
5669 3075
1634 4823
7452 -8377
3053 1370
594 7785
8479 -1776
5821 -9389
-8555 9835
-4420 -8117
-5765 5317
-9592 -165
-4769 -6093
-620 2207
-7077 -2196
-484 -9537
-8342 9930
9637 57
5663 -8636
-8524 7072
7116 2000
25 1590
6011 9634
-3103 329
7854 4613
9185 2346
250 -2674
6048 8379
3928 8014
-6681 -4006
6061 5040
6740 1464
796 -1501
-1 1158
-5764 -895
-6421 -4909
-1993 -7247
6779 1053
8900 9004
-5633 -3310
9506 -5305
724 6426
-191 9789
-9854 3967
-7788 -587
-9941 8525
-5522 -3314
-1554 -1240
9950 -1023
9176 -7040
7650 -7090
2248 4055
8760 6320
-583 -979
-1217 -2651
8379 8096
-8894 4700
-655 6388
-5513 -3075
488 5736
4997 8198
-7732 9186
2674 7749
-151 2994
-890 7920
-1682 4123
41 -4561
7748 1929
-6527 7433
1457 4493
6486 -2465
-6822 555
802 -8128
8334 7518
-4368 1529
3000 5169
8180 -9979
-9321 -6197
5614 -7493
1609 1204
-3612 -6389
4836 7268
-9015 2543
2683 5678
-7839 -5284
1687 5021
-6814 6374
5387 892
1564 -6214
58 -4878
7918 -5540
8090 -797
-9393 -3344
-9542 6898
-7661 6793
-7810 -7721
6399 8237
533 -5674
2329 -4584
-4123 -8202
-8519 -3847
-6306 -2075
-1742 -9511
1663 3309
-9296 3698
-1005 -1217
7137 -9336
2718 -142
-9349 -4008
-7922 448
-3260 6834
3300 -8628
-8358 5012
-5028 -2068
9624 6878
-1213 -2409
-1183 9892
8230 -6177
-1603 7044
-8409 3192
-4996 5109
-3434 -7954
9080 -1242
-5797 -2368
-1238 3645
5640 7061
5588 4511
1423 -5140
-2487 -137
4031 6407
9887 -1489
1350 -4768
2546 2132
-4591 8489
-9305 6800
9172 8200
6089 3143
-9598 6556
-7753 7784
1345 -3870
5600 -7883
9801 4092
2605 -5608
8403 -1320
3977 -3526
2502 1208
649 -4447
4380 1490
8419 -5736
3665 -829
2896 4976
-8740 440
-9488 -6314
-2125 -3920
-5300 6499
-961 -2279
-2596 -3209
-8253 7785
-3519 5144
6769 -1177
-8776 -8156
2113 7396
-7058 -9675
-2462 -1280
8739 -245
-6284 -8600
3590 5590
9031 7429
7504 6446
-4616 5046
1124 8446
-2652 5658
2792 -7462
8824 1436
-7347 7991
-4963 5744
-300 4904
-654 331
-2852 8480
-1149 -318
5188 7339
1002 2382
-8844 -8960
-7903 6665
-608 2947
8347 -496
-1705 7494
-5827 -910
86 884
-8901 5338
-7240 7280
-6014 393
4705 2055
9746 6281
6789 9180
-7940 -9768
7488 7740
-4665 -6817
-2388 2874
-5077 9040
4531 -7070
-2325 1854
2985 8542
4937 3688
2959 1489
-2545 3163
1509 -1427
4073 282
-4723 -6382
-8082 -7436
-3893 4902
1232 8250
-5724 7977
9091 -1991
8520 -4328
-7292 3443
-2640 -8909
-3322 -3144
-128 -2082
2403 4725
-7611 1548
5266 1966
8574 -8569
1584 -8961
-4069 4856
-434 -8711
7698 3451
-2580 -2371
8366 4140
7659 6161
3974 -2788
-2035 6855
3246 460
-5737 707
-5743 3386
-9922 6274
2360 -4373
1818 -1049
-980 4664
677 9132
-4683 -4704
-6321 8692
-4924 5680
2042 -5728
-6981 5447
-3717 -1770
1499 8336
-4799 -6018
-718 -6963
8047 9468
-6679 7018
-7827 -7241
-8210 3019
-3303 -1658
5026 2577
7220 8714
-5671 -501
8921 3694
-1444 1897
-1847 -9184
7971 -7046
7878 6713
-323 182
-7109 -2317
-5513 -6004
9820 8115
5190 6170
-4765 -5652
719 757
-3511 -8096
-159 436
-5906 -8823
-7901 429
3256 6719
8177 1615
-500 648
1383 -4616
5511 8223
-7401 -2324
6738 2425
-5889 9157
-1995 2661
4599 7887
-9911 -1358
-1510 7467
-4840 -1548
6227 596
-6553 -1189
4229 1665
-6133 5794
-690 9528
3131 -3765
-2258 -9821
-8018 -4765
1262 1146
6862 -2500
-7363 -4616
-9824 -9941
-1551 -8094
7541 8419
-677 6790
-2095 1291
-7399 -3343
-5800 -9417
-1534 -3864
2170 871
2089 2911
1809 -3989
-4716 -5723
2500 -9885
-8594 9076
4729 652
7275 5075
-7832 -4864
9173 -5818
-1885 5991
8874 -1780
-6443 -6850
-2016 -9002
-7595 6411
-5257 -7440
-1956 4824
4705 -8145
-9582 -1177
3368 6765
9192 -9889
-7744 8060
-2307 -4034
7846 253
-1699 3416
-1910 2484
1964 6694
-9848 7772
-5167 -457
8157 2632
8745 8416
5959 4068
-7532 4595
9217 8718
-7958 2980
-4169 7912
5104 7504
789 -6800
1479 -5648
8263 5682
4043 1493
-2046 -7911
-8795 -7128
-9500 -5614
-7528 -6191
-1244 7531
-1140 -3840
-879 9903
-3028 -7383
-3751 2411
-6491 -6805
-1989 2565
-2491 -7319
-1126 9903
5751 5184
4867 -1986
5335 8328
-5270 4764
-5599 -6221
-3071 2474
5614 -1277
-9069 -8313
2167 -1943
-5980 -8529
1877 3700
9546 -8594
8699 1289
1336 362
-9517 355
-8255 5458
-8092 -6911
9847 -2594
9780 8967
3310 5345
-3063 3756
-2191 -9536
-390 5715
686 -4244
-1468 3600
-420 -667
-448 1910
-571 -6007
-550 7278
-1371 -6480
9134 4127
-9077 -2341
7429 6091
-4496 -1183
-6977 -338
-3660 6512
-1185 -343
-1437 8184
4460 9936
-8220 5361
-91 8183
2727 1295
8739 6544
-5010 9280
6922 1698
-7860 -3743
6223 9443
1168 -5254
506 837
1076 -3828
-1380 7056
-4301 358
7327 -7339
-935 -2439
6438 -862
7586 -950
-6179 2912
5673 -6396
9867 5292
3872 6871
-5771 -6005
2931 9600
-614 -1794
-6746 6110
-8638 -121
1610 -1311
3232 -3046
3976 -3752
7920 1057
1076 3028
-7576 2855
-9084 5860
-8921 4214
8033 1943
-5331 -7558
3890 8920
8147 -2533
-5361 9922
-174 7348
3222 -6710
-5681 5329
4195 -8264
-8880 6997
-2946 2394
-2836 4954
3037 -4861
6485 4071
3648 692
-687 -4535
-4135 -7588
-1057 82
-6200 3524
9559 7307
3500 8376
1104 6687
9493 -1242
-510 -4976
-4252 -7895
7671 -6740
6020 -8561
-5316 7990
1149 -8212
-9375 4372
-6570 1021
-7885 2150
-3363 -9322
2841 2066
9011 3396
4092 -1447
7425 5409
4648 -612
8513 -9196
-8488 -5095
3016 -4291
2534 -4701
1354 -3063
4599 -6617
3438 -9720
5186 -3551
-7586 9809
6142 -5104
-989 -3954
5405 2759
-7914 -4174
-9891 6994
-8651 -6868
-9048 -240
397 -6075
-7975 -6172
3850 1976
-9996 7735
-9091 -6867
1845 9838
4775 -3849
-8502 1095
6473 26
9884 -7537
8758 1425
-7937 -9674
-4672 -8737
5354 6777
1800 3827
389 -247
-264 -7666
-2069 -6960
3398 -9626
177 4789
7495 -1316
-1013 -5997
1460 2129
7705 -1685
1082 -2144
-1463 -3141
395 972
3209 -5644
-2367 -489
1462 -2261
911 5078
-6542 959
-3829 9953
8287 -3139
-9820 -3122
-9593 6852
6250 -4539
-52 -2152
-6642 7758
7382 -894
3831 -5463
9733 2066
-1672 -4098
-2921 -1433
-3700 1062
5727 -2671
-1426 -6033
-7248 -7630
-6192 584
6668 5137
-7385 7272
-1712 -7550
4506 3728
5243 5190
-2995 3822
7717 6795
-9432 -4568
6604 9480
8428 -1549
-9619 -7490
7885 1998
-3290 6229
-9587 -6778
7049 -2661
-634 -6627
9569 5243
2590 -210
9670 1977
7079 -8931
3450 7748
-1198 -6435
50 -3425
-2758 3371
5370 -2307
-4232 -6901
306 731
1238 8346
8545 -6407
-4447 761
-1950 -9625
8150 2836
-9543 -478
4025 2198
-6093 5151
4153 7798
-20 -2473
6451 3695
7465 -8521
-7447 4658
-133 -2974
-7404 1505
-2411 -8002
6328 -1660
-9847 -9710
9873 2067
7659 99
-7520 1603
1354 3361
2127 -5201
-2983 -7106
4826 -7280
-1718 2536
-9695 -6994
-909 2183
8073 1878
-3540 -1472
-9564 3824
465 8236
6320 -9014
-1120 -32
4472 3499
-5035 7157
-2619 6151
1486 -7120
-377 -3965
-9642 3873
-6992 1470
-9313 6349
6547 4624
9483 9039
2181 -8361
-890 -89
-3351 6022
-9820 7292
-4720 6610
-7964 -7154
8947 5272
-5670 -8862
-913 -1903
2460 -3442
5064 -8352
7692 1910
8022 -5091
3907 -8868
4810 7593
-9851 -1608
8150 -8469
-5364 -9758
-8914 -8704
-1179 558
-4305 26
-3935 -774
-8296 2031
-2172 6000
-2607 -6854
9533 831
6727 -2088
6766 -4264
1873 -4621
-9088 -1427
-2362 -7087
-9011 -5871
669 -7782
-7256 -5889
8595 -8753
-4492 -6925
-4157 -3361
8021 -3031
1729 1000
-6121 -1601
3967 -3423
1843 -8682
-5746 -3580
1735 5182
-8841 6721
-564 -8424
3608 -1003
-1277 7469
-9603 -3098
-6472 1059
9268 -5514
1944 -8953
-8862 -4504
-3488 7185
-5428 -8856
-7430 8525
-6096 -2457
3396 -3565
-7664 3649
3485 -5087
8815 -5476
-2953 -3743
-3472 5448
-341 -3672
-2646 9419
-7267 4060
8785 4696
3057 540
5643 4597
-1007 -3948
1143 -1079
-1417 7641
7870 -9762
8198 5167
5681 2827
1434 1010
-7961 -4090
8074 2918
1161 -4363
-319 -1916
-9188 706
-9400 4738
-3110 -8179
-3397 5162
5489 956
-3918 4654
2353 -5041
-513 1416
-3908 4425
-9742 4360
-3263 -43
-3735 8995
6263 -302
-5566 6336
-358 8249
5307 -9600
5470 1484
-2473 -7367
-3493 -187
-6984 3733
3871 -436
-222 -6294
-301 5654
303 -1869
2085 -8670
4159 -8880
-312 9519
-4966 6485
-6030 -4774
-6362 7869
-9504 7484
5986 3728
-6268 -1839
9131 -2731
3608 -763
-6157 8266
2319 6753
7884 -9825
1814 5473
-7321 -8190
-6108 -8116
-3033 -8637
7786 154
-1241 2994
999 -82
6330 -7465
7937 -4101
5391 -2214
-1600 7689
5472 -139
-4159 -3428
-421 7630
-2507 -3402
-5096 9119
-6242 1416
3863 -2430
4975 7151
-5170 -3234
-244 9110
-3184 -7446
-4935 8808
-1665 5288
-3602 -2073
3010 8288
4718 -4333
-1902 -826
8965 6057
-3312 -7679
5972 4752
1234 1369
-5287 1276
-3280 -2995
1529 -5023
9083 6494
-8021 6877
-8762 8277
3965 1430
5241 8698
8907 -2874
-9171 4890
-3566 6967
2006 4622
-4474 -4486
999 6674
6555 -7578
1044 720
-4574 -2484
9168 9771
6245 -2086
757 4113
-4990 -8601
3591 9272
4032 -7030
-6423 -865
7785 -5209
-8089 2294
-4559 4781
-9044 7702
6235 -8880
-8685 -1554
-8481 8794
-9538 4320
4330 -3242
8574 2595
-7286 8468
-6958 -3614
-3598 -1491
3598 -8650
-2834 4149
-4862 -8886
9527 -4387
1997 8463
-7345 3765
-760 992
-7703 9057
3742 6428
4821 2803
3865 53
-9713 -9647
-503 7550
-1481 -4901
1606 4586
8002 -689
436 -997
8284 5935
-6161 9591
6778 5189
7051 45
-1669 9288
5013 -7938
-9025 5877
642 3564
8383 -97
-7739 -6347
3365 -2699
-1771 -9820
8713 -7435
6605 5456
-4702 -5776
-9398 8031
-7239 8908
9833 9543
7052 -3867
1219 -8806
-2353 -5913
5653 -7028
-9358 3916
6240 -9368
-4677 -6213
-6849 6634
3118 -7709
-7552 4887
-5104 4935
6225 -7742
8164 7360
8117 -7131
6695 4231
-3711 -8696
6066 -6354
6639 8164
-5735 1851
3910 -5360
2143 -468
7747 -7800
-2985 -66
-4517 8974
4107 6117
-4210 -4044
-3755 9894
-4636 5100
2938 3063
839 9304
2169 1861
6574 6451
-2742 3393
6769 3043
-707 -5388
9946 -4603
8969 3205
4459 9722
-1259 1978
865 6943
4367 -7415
9715 1150
9918 5848
-1276 -7309
-1438 -8075
-6130 2324
-6393 7673
-4007 1122
1609 8420
-9883 5805
1188 -8745
3124 3210
62 -6867
-7231 5186
5416 5817
-6967 -8869
7650 -8739
-6404 -4643
7784 4953
7167 6520
4304 5333
3303 -1361
-4242 -2017
-4528 9011
6099 -2906
-5358 3889
-1272 -7774
3360 6052
-1696 7182
2206 -4897
5 -4369
-6244 -7924
-5906 -2517
9834 4098
-5471 6830
5241 -7493
2159 2306
419 -6780
5722 1051
-2111 -1850
-5826 -3942
5813 6564
-5428 -3055
-2088 -6541
9201 -6261
-1374 -7438
-5859 -251
-9915 1467
9790 -4996
-6111 2221
-9617 1384
9155 -4757
654 3823
6443 1223
8712 -346
8206 8523
-5337 9439
8825 -5743
2096 7231
6690 -2546
772 3415
-173 9182
-6321 3327
1427 1990
-9649 1394
-2217 -9524
-4998 -4868
-7917 -3659
-1498 -7219
4800 -6146
-7690 8418
5119 5524
7936 8324
7617 8591
219 9811
-998 -719
6550 -8857
-5818 504
-9782 7476
3907 -4949
4455 -4208
-5899 -7784
9019 -3648
9015 4742
-4952 -3880
-1016 -5724
3663 -156
430 9562
-1289 9030
-1616 5892
-9674 3588
8216 9056
-6434 5280
-7432 -1596
-8103 2343
-5008 1458
3551 -6821
-4713 -1682
-2245 -505
0
