141.42							      |	0.00
0.00								0.00
0.00								0.00
0.00								0.00
0.00								0.00
0.00								0.00
0.00								0.00
0.00								0.00
0.00								0.00
0.00								0.00
0.00								0.00
1.00								1.00
0.00								0.00
0.00								0.00
0.00								0.00
1.00								1.00
1.00								1.00
0.00								0.00
0.00								0.00
0.00								0.00
1.00								1.00
1.00							      <
0.00								0.00
1.00							      <
1.00							      <
0.00								0.00
14142.14						      <
0.00								0.00
0.00								0.00
0.00								0.00
0.71							      |	0.00
							      >	0.00
							      >	0.00
							      >	0.00
0.71								0.71
0.00								0.00
							      >	0.00
1.00								1.00
1.00								1.00
12055.68							12055.68
3073.45							      |	0.00
1576.68								1576.68
9922.98								9922.98
4572.22								4572.22
3979.34								3979.34
755.77							      |	0.00
11097.09							11097.09
3425.69								3425.69
1842.43								1842.43
1088.46								1088.46
3484.19								3484.19
1123.38							      |	0.00
5395.68								5395.68
3593.12								3593.12
7481.13								7481.13
505.30							      |	0.00
2179.47							      |	0.00
825.37								825.37
777.85							      |	0.00
681.41								681.41
4913.21							      |	0.00
4304.21							      |	0.00
1664.40							      |	0.00
1253.38								1253.38
1131.54								1131.54
331.42								331.42
2589.59								2589.59
4108.95								4108.95
4657.71								4657.71
2628.37								2628.37
9282.70								9282.70
2792.63								2792.63
2413.32							      |	0.00
6634.75								6634.75
0.00								0.00
9444.39								9444.39
1463.16								1463.16
1814.03								1814.03
6573.18								6573.18
545.58								545.58
532.00								532.00
4410.23								4410.23
4018.84								4018.84
4727.69								4727.69
828.32								828.32
9150.66								9150.66
1530.47							      |	0.00
2381.71								2381.71
10251.36							10251.36
3568.67								3568.67
3485.49							      |	0.00
3660.32								3660.32
2933.02								2933.02
2013.94								2013.94
6574.99								6574.99
866.38								866.38
3659.89								3659.89
7703.01								7703.01
13072.76							13072.76
5549.73								5549.73
3918.36								3918.36
6055.65								6055.65
7626.55								7626.55
2421.91								2421.91
1413.43								1413.43
1325.60							      |	0.00
16444.07							16444.07
2108.65							      |	0.00
1441.86							      |	0.00
1243.30								1243.30
15080.98							15080.98
555.32								555.32
422.20								422.20
6526.39								6526.39
7722.66								7722.66
10900.99							10900.99
9590.79								9590.79
3940.79								3940.79
3203.84								3203.84
78.04								78.04
8836.75								8836.75
1315.61								1315.61
27.29								27.29
4365.86							      |	0.00
9123.59								9123.59
855.11							      |	0.00
824.50							      |	0.00
1015.67								1015.67
110.01							      |	0.00
383.62								383.62
83.93							      |	0.00
514.14							      |	0.00
8254.15								8254.15
4403.07								4403.07
1531.40								1531.40
10659.38							10659.38
4735.64								4735.64
570.88							      |	0.00
4851.63								4851.63
9818.80								9818.80
7208.05							      |	0.00
853.12							      |	0.00
4239.59								4239.59
8186.48								8186.48
1256.36								1256.36
2.52								2.52
0.00								0.00
2328.50								2328.50
3686.49								3686.49
3084.52								3084.52
5761.36								5761.36
6053.45								6053.45
8763.57								8763.57
1712.50								1712.50
266.26								266.26
9420.43								9420.43
3702.80								3702.80
7928.70								7928.70
1125.00							      |	0.00
5171.32								5171.32
5776.65								5776.65
1466.70								1466.70
4075.09								4075.09
3872.56								3872.56
3719.27								3719.27
1841.68								1841.68
5171.60								5171.60
9730.31								9730.31
8530.60								8530.60
4733.49								4733.49
494.26								494.26
2387.70								2387.70
971.75							      |	0.00
8583.38								8583.38
6582.73								6582.73
72.88								72.88
13690.56							13690.56
4916.41								4916.41
11121.97							11121.97
5319.89								5319.89
1388.85								1388.85
5849.03								5849.03
8203.53								8203.53
4223.14								4223.14
955.81								955.81
1985.54								1985.54
3829.98								3829.98
30.23							      |	0.00
9011.96								9011.96
3422.84							      |	0.00
1193.81								1193.81
4385.81							      |	0.00
12556.16							12556.16
6217.00								6217.00
1385.59							      |	0.00
959.88								959.88
8669.78								8669.78
3595.30								3595.30
2390.80							      |	0.00
6038.03								6038.03
337.95								337.95
8944.81								8944.81
1196.84							      |	0.00
244.20							      |	0.00
6473.33								6473.33
3899.83							      |	0.00
8610.66								8610.66
777.47								777.47
4717.83								4717.83
3427.59								3427.59
1235.42							      |	0.00
3496.07								3496.07
304.91							      |	0.00
677.60								677.60
650.00								650.00
9844.66								9844.66
2893.81								2893.81
371.31								371.31
1406.19								1406.19
2244.79								2244.79
8747.59								8747.59
1797.10								1797.10
0.00								0.00
5218.04								5218.04
11581.38							11581.38
4607.08								4607.08
2407.41								2407.41
1701.51								1701.51
3085.23								3085.23
5222.68								5222.68
7393.80								7393.80
1661.91								1661.91
555.06								555.06
878.01								878.01
1412.88								1412.88
5443.68								5443.68
11031.90							11031.90
309.99								309.99
2276.66								2276.66
7057.03								7057.03
363.52							      |	0.00
442.26								442.26
676.89								676.89
976.69							      |	0.00
10052.82							10052.82
1549.87								1549.87
11566.78							11566.78
838.29							      |	0.00
5312.13								5312.13
10183.62							10183.62
9956.10								9956.10
5396.83								5396.83
8963.36								8963.36
780.76								780.76
10342.96							10342.96
3023.20								3023.20
3408.45								3408.45
89.73							      |	0.00
741.44							      |	0.00
813.70								813.70
682.58							      |	0.00
1359.30								1359.30
4419.33							      |	0.00
3258.14								3258.14
6062.05								6062.05
1577.26								1577.26
1651.45							      |	0.00
2671.23								2671.23
7575.83								7575.83
1763.84								1763.84
1319.81								1319.81
5303.92								5303.92
3538.83								3538.83
47.10								47.10
8154.93								8154.93
4313.19								4313.19
1831.84								1831.84
10645.51							10645.51
4762.20								4762.20
110.27							      |	0.00
5373.53								5373.53
5368.56							      |	0.00
11130.53							11130.53
9373.02								9373.02
8145.43								8145.43
7011.12								7011.12
1060.51								1060.51
225.66								225.66
3244.89							      |	0.00
835.51								835.51
7048.94								7048.94
2438.02								2438.02
2691.51								2691.51
886.10								886.10
114.75								114.75
1661.69							      |	0.00
533.11								533.11
1377.64								1377.64
8072.78								8072.78
12286.75							12286.75
4372.61								4372.61
1688.79								1688.79
1173.72								1173.72
4858.95								4858.95
2186.28								2186.28
6377.84								6377.84
2379.26								2379.26
1332.66							      |	0.00
8569.11								8569.11
2873.96								2873.96
5282.74								5282.74
4940.57								4940.57
261.72							      |	0.00
6138.35								6138.35
696.59								696.59
11623.35							11623.35
1791.57							      |	0.00
5844.44							      |	0.00
3223.48								3223.48
10484.20							10484.20
1816.97								1816.97
6714.12								6714.12
215.78								215.78
208.59							      |	0.00
9218.44								9218.44
3722.46								3722.46
0.00								0.00
5375.68								5375.68
6137.95								6137.95
5994.23								5994.23
1196.08							      |	0.00
7357.04								7357.04
6516.56								6516.56
735.67								735.67
7806.13								7806.13
1557.63							      |	0.00
11834.16							11834.16
404.82							      |	0.00
4438.02								4438.02
4075.29								4075.29
381.34							      |	0.00
6421.00								6421.00
3605.66								3605.66
6827.38							      |	0.00
1628.78								1628.78
3796.21								3796.21
1439.15								1439.15
7272.48								7272.48
3514.50								3514.50
6248.42								6248.42
3061.15								3061.15
4821.97								4821.97
1783.30							      |	0.00
7423.25								7423.25
2595.96							      |	0.00
7000.58								7000.58
5806.00								5806.00
5629.68								5629.68
4.08								4.08
7153.12								7153.12
531.83							      |	0.00
109.93							      |	0.00
5421.19								5421.19
8726.73								8726.73
1787.68								1787.68
5256.62							      |	0.00
1589.38							      |	0.00
15962.42							15962.42
5912.80								5912.80
1294.54								1294.54
10231.51							10231.51
4998.01								4998.01
2197.61								2197.61
757.00							      |	0.00
1775.61							      |	0.00
644.69								644.69
1755.21							      |	0.00
9199.03								9199.03
2509.35								2509.35
5205.00								5205.00
3148.33								3148.33
5419.02								5419.02
3443.10								3443.10
11527.48							11527.48
11804.53							11804.53
3283.95							      |	0.00
2107.25							      |	0.00
3690.40								3690.40
2303.76							      |	0.00
1367.47								1367.47
7960.55								7960.55
1860.91							      |	0.00
990.52								990.52
5971.07								5971.07
794.84								794.84
8102.26								8102.26
1027.63								1027.63
4548.69							      |	0.00
214.13							      |	0.00
4063.24								4063.24
4270.48								4270.48
5882.38								5882.38
11082.56							11082.56
1220.53								1220.53
4470.37								4470.37
2093.18								2093.18
16.31							      |	0.00
6304.17								6304.17
4225.46								4225.46
712.94							      |	0.00
11257.98							11257.98
9874.48								9874.48
5693.97								5693.97
3564.15							      |	0.00
640.75							      |	0.00
1752.74							      |	0.00
4704.72								4704.72
246.99								246.99
642.79								642.79
3637.04							      |	0.00
5906.30								5906.30
2630.52								2630.52
2495.77								2495.77
5309.45								5309.45
3977.59							      |	0.00
837.36							      |	0.00
496.50							      |	0.00
1723.88								1723.88
3945.07								3945.07
6422.66								6422.66
467.10								467.10
3037.25								3037.25
8885.74								8885.74
8199.53								8199.53
2395.45								2395.45
792.93							      |	0.00
3422.63							      |	0.00
7080.50								7080.50
7359.08								7359.08
5805.57								5805.57
2517.68								2517.68
853.31							      |	0.00
8300.34								8300.34
5998.03							      |	0.00
1002.65								1002.65
755.77							      |	0.00
1346.04							      |	0.00
4236.66								4236.66
4122.36								4122.36
588.86							      |	0.00
6197.25							      |	0.00
2328.13								2328.13
2647.68								2647.68
3227.23								3227.23
5500.62							      |	0.00
249.79							      |	0.00
2312.97								2312.97
2692.67								2692.67
636.66							      |	0.00
922.51								922.51
1872.85							      |	0.00
3480.15								3480.15
4338.11								4338.11
6193.29								6193.29
7542.89								7542.89
6469.91								6469.91
20.19								20.19
126.97								126.97
1792.55								1792.55
1144.01								1144.01
4094.61							      |	0.00
4907.03								4907.03
5016.37								5016.37
922.60							      |	0.00
946.58							      |	0.00
9658.09								9658.09
9687.51								9687.51
3460.46								3460.46
1401.22							      |	0.00
3173.09							      |	0.00
3429.36								3429.36
742.29							      |	0.00
1863.06								1863.06
3463.29								3463.29
951.12							      |	0.00
2743.36								2743.36
960.03								960.03
229.30								229.30
1028.55								1028.55
6456.11								6456.11
3929.07								3929.07
10381.98							10381.98
4052.44								4052.44
4819.88								4819.88
1217.47							      |	0.00
1343.11								1343.11
7519.44								7519.44
10812.88							10812.88
5974.16								5974.16
860.47							      |	0.00
3072.16								3072.16
2428.12								2428.12
8190.02								8190.02
3554.14								3554.14
302.71								302.71
2381.51								2381.51
6598.93								6598.93
11863.44							11863.44
4270.80								4270.80
2716.08								2716.08
1229.36							      |	0.00
8815.15								8815.15
14400.00							14400.00
1770.38								1770.38
2018.61								2018.61
1690.18								1690.18
3629.83								3629.83
3165.90								3165.90
9138.12								9138.12
1913.15								1913.15
1749.97							      |	0.00
6655.23								6655.23
10.07								10.07
4978.95								4978.95
1336.38								1336.38
1041.54							      |	0.00
19283.35							19283.35
151.95							      |	0.00
6019.62								6019.62
3818.71								3818.71
119.41							      |	0.00
1278.20								1278.20
10084.13							10084.13
1346.52								1346.52
3727.45								3727.45
4098.27								4098.27
12299.88							12299.88
4433.08								4433.08
8464.06								8464.06
3371.85								3371.85
998.81							      |	0.00
391.68							      |	0.00
4368.57								4368.57
4288.23							      |	0.00
1310.66								1310.66
12121.29							12121.29
6401.51								6401.51
1061.41							      |	0.00
2939.19								2939.19
0.00								0.00
2162.88								2162.88
464.04								464.04
12398.65							12398.65
1417.97								1417.97
6631.78								6631.78
185.05								185.05
1715.50								1715.50
209.29								209.29
7281.45								7281.45
177.20								177.20
6819.06								6819.06
3386.18								3386.18
9362.49								9362.49
1334.26								1334.26
687.35								687.35
3268.48								3268.48
5679.25								5679.25
3853.18								3853.18
3511.61								3511.61
4487.38							      |	0.00
3598.25								3598.25
3659.34								3659.34
15809.33							15809.33
2793.33								2793.33
3109.59							      |	0.00
8362.09								8362.09
55.65							      |	0.00
0.00								0.00
10409.00							10409.00
1009.66							      |	0.00
6302.68								6302.68
3565.94								3565.94
3984.93							      |	0.00
4599.39							      |	0.00
933.38								933.38
2075.05							      |	0.00
2929.70								2929.70
13654.29							13654.29
1329.65							      |	0.00
5102.34								5102.34
3862.85								3862.85
9019.80								9019.80
994.16							      |	0.00
4137.74								4137.74
499.04								499.04
4579.23								4579.23
6813.09								6813.09
2471.39							      |	0.00
3494.22								3494.22
5613.40								5613.40
3542.80								3542.80
3847.89								3847.89
12716.66							12716.66
1059.48								1059.48
10812.31							10812.31
77.74							      |	0.00
3930.69								3930.69
4412.63								4412.63
552.57								552.57
744.41								744.41
12222.29							12222.29
461.53								461.53
7413.43								7413.43
217.49								217.49
8367.89								8367.89
1488.04							      |	0.00
738.00							      |	0.00
2231.05								2231.05
529.99								529.99
3736.71								3736.71
3989.76								3989.76
7026.43								7026.43
6440.95								6440.95
10002.80							10002.80
6211.17								6211.17
751.65							      |	0.00
3560.18								3560.18
10127.80							10127.80
12987.26							12987.26
121.06							      |	0.00
8739.50								8739.50
697.83								697.83
9324.96								9324.96
2319.93								2319.93
2079.96								2079.96
5546.14								5546.14
6945.07								6945.07
6909.81								6909.81
5203.64								5203.64
5746.80								5746.80
997.58								997.58
485.17								485.17
4863.21								4863.21
8634.12								8634.12
12808.45							12808.45
6692.47								6692.47
0.00								0.00
3088.39								3088.39
545.71								545.71
4388.93							      |	0.00
8883.28								8883.28
8192.48								8192.48
2788.50								2788.50
475.71								475.71
5569.06							      |	0.00
1678.74								1678.74
4399.72								4399.72
12943.95							12943.95
7930.18								7930.18
1246.35								1246.35
4969.09								4969.09
2086.75								2086.75
2194.52								2194.52
4119.67								4119.67
3075.91								3075.91
2952.78								2952.78
10450.38							10450.38
6128.00								6128.00
157.99							      |	0.00
2432.36								2432.36
4416.35								4416.35
5624.44							      |	0.00
2300.09								2300.09
10078.16							10078.16
7523.18								7523.18
3507.14								3507.14
791.13								791.13
621.60							      |	0.00
907.26							      |	0.00
3025.89								3025.89
24.31								24.31
132.92								132.92
444.01								444.01
2982.30								2982.30
993.52								993.52
1940.16								1940.16
618.60							      |	0.00
4605.94								4605.94
3716.38								3716.38
4944.57								4944.57
16.56								16.56
375.98								375.98
3738.36								3738.36
520.67								520.67
623.46							      |	0.00
1920.67								1920.67
7872.51							      |	0.00
1848.20								1848.20
26.45							      |	0.00
9898.33								9898.33
3277.95								3277.95
5143.46								5143.46
193.09								193.09
5653.77								5653.77
7102.20								7102.20
626.25								626.25
6524.65								6524.65
3650.85							      |	0.00
2125.57								2125.57
8954.16								8954.16
2956.18								2956.18
1678.97							      |	0.00
2957.79								2957.79
1728.46								1728.46
4219.95								4219.95
5109.74								5109.74
3273.46								3273.46
3236.35							      |	0.00
1827.75								1827.75
7705.85								7705.85
626.35							      |	0.00
8759.21								8759.21
2811.57								2811.57
4788.62								4788.62
61.69							      |	0.00
184.64							      |	0.00
14815.97							14815.97
9497.85								9497.85
125.81							      |	0.00
4916.39							      |	0.00
7487.87								7487.87
863.80								863.80
559.32							      |	0.00
6811.86								6811.86
5664.14								5664.14
1034.55								1034.55
3652.16							      |	0.00
1979.69							      |	0.00
1024.50								1024.50
4573.79								4573.79
788.77							      |	0.00
5459.72							      |	0.00
3114.22								3114.22
427.54								427.54
225.95							      |	0.00
1038.72								1038.72
598.43								598.43
7591.17								7591.17
237.21							      |	0.00
699.00							      |	0.00
1912.76								1912.76
908.78								908.78
4058.55								4058.55
2376.03								2376.03
385.65								385.65
2588.39								2588.39
1055.70								1055.70
9140.55								9140.55
249.40								249.40
1317.34								1317.34
5863.99								5863.99
3394.58								3394.58
3820.69								3820.69
2943.73								2943.73
1691.47								1691.47
10234.64							10234.64
7837.50								7837.50
1878.95								1878.95
6771.10								6771.10
3238.33								3238.33
11933.43							11933.43
758.77								758.77
2876.06								2876.06
4489.11								4489.11
2971.55								2971.55
4480.25								4480.25
922.36								922.36
4008.81								4008.81
1655.54								1655.54
784.16								784.16
933.70							      |	0.00
9872.48								9872.48
2964.07								2964.07
5949.59								5949.59
30.57							      |	0.00
1899.96								1899.96
374.01								374.01
1597.09								1597.09
5944.62								5944.62
522.50							      |	0.00
47.52								47.52
7044.54								7044.54
3455.66								3455.66
2075.85							      |	0.00
826.32								826.32
2412.31							      |	0.00
5464.05								5464.05
1799.11							      |	0.00
2824.70								2824.70
2549.41								2549.41
11101.46							11101.46
2127.18								2127.18
6219.40								6219.40
12755.46							12755.46
3064.35								3064.35
3734.62								3734.62
2718.30								2718.30
9044.64								9044.64
2177.77								2177.77
8079.08								8079.08
6894.02								6894.02
1954.59								1954.59
1526.86								1526.86
1408.31								1408.31
2469.85								2469.85
700.27							      |	0.00
2100.43								2100.43
3101.52								3101.52
6626.37								6626.37
1437.42								1437.42
618.51								618.51
1585.75							      |	0.00
12141.11							12141.11
1365.25							      |	0.00
3267.27								3267.27
4596.18							      |	0.00
590.76								590.76
2077.49							      |	0.00
494.45							      |	0.00
0.00								0.00
4112.26								4112.26
1125.01								1125.01
1011.71								1011.71
2328.73								2328.73
3066.14							      |	0.00
2362.45								2362.45
6518.85								6518.85
5261.28								5261.28
5309.45								5309.45
4531.55								4531.55
4157.43							      |	0.00
2060.88							      |	0.00
1143.44								1143.44
7868.89								7868.89
4385.66								4385.66
1263.27								1263.27
13784.83							13784.83
11554.83							11554.83
5290.20								5290.20
834.58								834.58
149.79								149.79
2001.80								2001.80
2080.11								2080.11
6141.02								6141.02
749.90								749.90
1575.19								1575.19
6451.36								6451.36
9297.06								9297.06
9847.75								9847.75
1543.01								1543.01
9916.72								9916.72
2172.64								2172.64
3706.87								3706.87
10435.18							10435.18
3568.63								3568.63
10356.69							10356.69
10565.17							10565.17
759.85							      |	0.00
2903.61								2903.61
4976.33								4976.33
3324.49								3324.49
5842.27								5842.27
3800.10								3800.10
1167.58								1167.58
1379.07								1379.07
2678.53								2678.53
893.07								893.07
1862.98								1862.98
0.00								0.00
702.18							      |	0.00
2947.76								2947.76
693.20								693.20
8939.38								8939.38
1494.80								1494.80
1624.44								1624.44
210.27								210.27
777.13								777.13
1360.54								1360.54
2105.06								2105.06
3766.07								3766.07
3687.02							      |	0.00
2535.51								2535.51
2738.15								2738.15
10418.57							10418.57
2681.88							      |	0.00
10921.08							10921.08
2943.15								2943.15
12357.50							12357.50
4938.19								4938.19
2202.76								2202.76
7216.53								7216.53
433.16								433.16
519.52							      |	0.00
3426.35								3426.35
3434.32							      |	0.00
8945.02								8945.02
3634.81							      |	0.00
5510.33								5510.33
5772.13								5772.13
3816.18							      |	0.00
3809.73								3809.73
1689.67								1689.67
2630.58							      |	0.00
11610.18							11610.18
3461.81								3461.81
2002.06								2002.06
10016.33							10016.33
2603.84							      |	0.00
11452.78							11452.78
2569.11								2569.11
3297.69								3297.69
1348.97								1348.97
1618.52								1618.52
2396.74								2396.74
5371.23							      |	0.00
4065.32								4065.32
1055.17								1055.17
3311.54								3311.54
582.97							      |	0.00
0.00								0.00
2794.68								2794.68
1300.54								1300.54
5774.32								5774.32
4633.48								4633.48
8.16								8.16
9576.02								9576.02
2025.51							      |	0.00
13577.41							13577.41
926.26								926.26
2514.02							      |	0.00
534.42							      |	0.00
8093.88								8093.88
1544.37								1544.37
143.24								143.24
6640.41								6640.41
1274.13							      |	0.00
2537.49								2537.49
11446.48							11446.48
6835.21								6835.21
4851.35								4851.35
385.84							      |	0.00
5269.62								5269.62
12355.20							12355.20
4200.29								4200.29
3783.49							      |	0.00
24.44								24.44
1887.12							      |	0.00
5089.15								5089.15
8606.97								8606.97
3366.33								3366.33
4502.40								4502.40
75.20								75.20
5737.11								5737.11
3516.78								3516.78
2085.77								2085.77
10133.09							10133.09
482.79							      |	0.00
3785.63								3785.63
3412.04								3412.04
2757.30							      |	0.00
7533.42								7533.42
1286.69								1286.69
2042.37								2042.37
4071.01								4071.01
1336.80								1336.80
0.61								0.61
521.47								521.47
4035.75								4035.75
2098.75								2098.75
521.18							      |	0.00
3944.21							      |	0.00
5352.38								5352.38
6958.67								6958.67
11506.35							11506.35
6807.41								6807.41
7002.10								7002.10
733.84							      |	0.00
9435.60								9435.60
9677.24							      |	0.00
4812.32								4812.32
6320.55								6320.55
9397.67								9397.67
1183.78							      |	0.00
3449.37								3449.37
1777.84								1777.84
3224.01								3224.01
3596.95								3596.95
7469.95								7469.95
1192.10								1192.10
5090.79								5090.79
3677.36								3677.36
3330.14								3330.14
7731.87								7731.87
49.35								49.35
739.36							      |	0.00
8440.79								8440.79
7376.79								7376.79
14519.17							14519.17
6154.91								6154.91
6661.83								6661.83
3918.55								3918.55
1388.35								1388.35
3856.80							      |	0.00
2391.85								2391.85
5613.56							      |	0.00
4970.54								4970.54
3471.22							      |	0.00
345.64								345.64
1072.04								1072.04
1628.11								1628.11
3305.78								3305.78
3771.56							      |	0.00
417.02							      |	0.00
7550.06								7550.06
8710.64								8710.64
2253.85								2253.85
2991.69								2991.69
856.55							      |	0.00
4222.32							      |	0.00
528.96							      |	0.00
7254.42								7254.42
66.04								66.04
7972.49								7972.49
409.58								409.58
7385.49								7385.49
1163.04							      |	0.00
1545.71								1545.71
1260.43							      |	0.00
4987.35								4987.35
