  3   5   6   7   8  11  21  22  23  24  25  26  27  28  29  30  31  32  33  39 
  0   0   0   0   0   0   0   0   0   0   0   0   0   0   0   0   0   0   0   0 
  0   0   0   0   0   0   0   0   0   0   0   0   0   0   0   0   0   0   0   0 
>> update 2 15 0
  0   0   0   0   0   0   0   0   0   0   0   0   0   0   0   0   0   0   0   0 
  0   0   0   0   0   0   0   0   0   0   0   0   0   0   0   0   0   0   0   0 
>> 0 4: 0 0 4 1 | 5
>> 0 9: 0 0 8 10 | 18
>> 0 9: 0 0 8 11 | 19
>> 0 9: 0 0 8 12 | 20
>> 5 9: 0 0 12 1 | 13
>> 0 9: 0 0 8 13 | 21
>> 0 19: 0 0 22 1 | 23
>> 0 19: 0 0 22 2 | 24
>> 0 19: 0 0 22 3 | 25
>> 10 14: 0 0 3 1 | 4
>> 0 19: 0 0 22 4 | 26
>> 0 19: 0 0 22 5 | 27
>> 10 19: 0 0 5 1 | 6
>> 0 19: 0 0 22 6 | 28
>> 10 19: 0 0 5 2 | 7
>> 0 19: 0 0 22 7 | 29
>> 10 19: 0 0 5 3 | 8
>> 0 19: 0 0 22 8 | 30
>> 15 19: 0 0 3 6 | 9
>> 10 19: 0 0 5 9 | 14
>> 0 19: 0 0 22 14 | 36
>> 0 2: 0 0 1 1 | 2
>> 0 2: 0 0 1 1 | 2
>> 0 4: 0 0 2 1 | 3
>> 0 2: 0 0 1 1 | 2
>> 0 4: 0 0 2 4 | 6
>> 0 2: 0 0 1 1 | 2
>> 0 4: 0 0 2 4 | 6
>> 0 9: 0 0 6 10 | 16
>> 0 2: 0 0 1 1 | 2
>> 0 4: 0 0 2 4 | 6
>> 0 9: 0 0 6 11 | 17
>> 0 2: 0 0 1 1 | 2
>> 0 4: 0 0 2 4 | 6
>> 0 9: 0 0 6 12 | 18
>> 0 2: 0 0 1 1 | 2
>> 0 4: 0 0 2 4 | 6
>> 5 9: 0 0 12 1 | 13
>> 0 9: 0 0 6 13 | 19
>> 0 2: 0 0 1 1 | 2
>> 0 4: 0 0 2 4 | 6
>> 0 9: 0 0 6 14 | 20
>> 0 2: 0 0 1 1 | 2
>> 0 4: 0 0 2 4 | 6
>> 0 9: 0 0 6 14 | 20
>> 0 19: 0 0 20 1 | 21
>> 0 2: 0 0 1 1 | 2
>> 0 4: 0 0 2 4 | 6
>> 0 9: 0 0 6 14 | 20
>> 0 19: 0 0 20 2 | 22
>> 0 2: 0 0 1 1 | 2
>> 0 4: 0 0 2 4 | 6
>> 0 9: 0 0 6 14 | 20
>> 0 19: 0 0 20 3 | 23
>> 0 2: 0 0 1 1 | 2
>> 0 4: 0 0 2 4 | 6
>> 0 9: 0 0 6 14 | 20
>> 10 14: 0 0 3 1 | 4
>> 0 19: 0 0 20 4 | 24
>> 0 2: 0 0 1 1 | 2
>> 0 4: 0 0 2 4 | 6
>> 0 9: 0 0 6 14 | 20
>> 0 19: 0 0 20 5 | 25
>> 0 2: 0 0 1 1 | 2
>> 0 4: 0 0 2 4 | 6
>> 0 9: 0 0 6 14 | 20
>> 10 19: 0 0 5 1 | 6
>> 0 19: 0 0 20 6 | 26
>> 0 2: 0 0 1 1 | 2
>> 0 4: 0 0 2 4 | 6
>> 0 9: 0 0 6 14 | 20
>> 10 19: 0 0 5 2 | 7
>> 0 19: 0 0 20 7 | 27
>> 0 2: 0 0 1 1 | 2
>> 0 4: 0 0 2 4 | 6
>> 0 9: 0 0 6 14 | 20
>> 10 19: 0 0 5 3 | 8
>> 0 19: 0 0 20 8 | 28
>> 0 2: 0 0 1 1 | 2
>> 0 4: 0 0 2 4 | 6
>> 0 9: 0 0 6 14 | 20
>> 15 19: 0 0 3 6 | 9
>> 10 19: 0 0 5 9 | 14
>> 0 19: 0 0 20 14 | 34
>> 0 4: 0 0 1 1 | 2
>> 0 4: 0 0 1 4 | 5
>> 0 4: 0 0 1 4 | 5
>> 0 9: 0 0 5 10 | 15
>> 0 4: 0 0 1 4 | 5
>> 0 9: 0 0 5 11 | 16
>> 0 4: 0 0 1 4 | 5
>> 0 9: 0 0 5 12 | 17
>> 0 4: 0 0 1 4 | 5
>> 5 9: 0 0 12 1 | 13
>> 0 9: 0 0 5 13 | 18
>> 0 4: 0 0 1 4 | 5
>> 0 9: 0 0 5 14 | 19
>> 0 4: 0 0 1 4 | 5
>> 0 9: 0 0 5 14 | 19
>> 0 19: 0 0 19 1 | 20
>> 0 4: 0 0 1 4 | 5
>> 0 9: 0 0 5 14 | 19
>> 0 19: 0 0 19 2 | 21
>> 0 4: 0 0 1 4 | 5
>> 0 9: 0 0 5 14 | 19
>> 0 19: 0 0 19 3 | 22
>> 0 4: 0 0 1 4 | 5
>> 0 9: 0 0 5 14 | 19
>> 10 14: 0 0 3 1 | 4
>> 0 19: 0 0 19 4 | 23
>> 0 4: 0 0 1 4 | 5
>> 0 9: 0 0 5 14 | 19
>> 0 19: 0 0 19 5 | 24
>> 0 4: 0 0 1 4 | 5
>> 0 9: 0 0 5 14 | 19
>> 10 19: 0 0 5 1 | 6
>> 0 19: 0 0 19 6 | 25
>> 0 4: 0 0 1 4 | 5
>> 0 9: 0 0 5 14 | 19
>> 10 19: 0 0 5 2 | 7
>> 0 19: 0 0 19 7 | 26
>> 0 4: 0 0 1 4 | 5
>> 0 9: 0 0 5 14 | 19
>> 10 19: 0 0 5 3 | 8
>> 0 19: 0 0 19 8 | 27
>> 0 4: 0 0 1 4 | 5
>> 0 9: 0 0 5 14 | 19
>> 15 19: 0 0 3 6 | 9
>> 10 19: 0 0 5 9 | 14
>> 0 19: 0 0 19 14 | 33
>> 0 9: 0 0 4 10 | 14
>> 0 9: 0 0 4 11 | 15
>> 0 9: 0 0 4 12 | 16
>> 5 9: 0 0 12 1 | 13
>> 0 9: 0 0 4 13 | 17
>> 0 9: 0 0 4 14 | 18
>> 0 9: 0 0 4 14 | 18
>> 0 19: 0 0 18 1 | 19
>> 0 9: 0 0 4 14 | 18
>> 0 19: 0 0 18 2 | 20
>> 0 9: 0 0 4 14 | 18
>> 0 19: 0 0 18 3 | 21
>> 0 9: 0 0 4 14 | 18
>> 10 14: 0 0 3 1 | 4
>> 0 19: 0 0 18 4 | 22
>> 0 9: 0 0 4 14 | 18
>> 0 19: 0 0 18 5 | 23
>> 0 9: 0 0 4 14 | 18
>> 10 19: 0 0 5 1 | 6
>> 0 19: 0 0 18 6 | 24
>> 0 9: 0 0 4 14 | 18
>> 10 19: 0 0 5 2 | 7
>> 0 19: 0 0 18 7 | 25
>> 0 9: 0 0 4 14 | 18
>> 10 19: 0 0 5 3 | 8
>> 0 19: 0 0 18 8 | 26
>> 0 9: 0 0 4 14 | 18
>> 15 19: 0 0 3 6 | 9
>> 10 19: 0 0 5 9 | 14
>> 0 19: 0 0 18 14 | 32
>> 0 9: 0 0 3 10 | 13
>> 0 9: 0 0 3 11 | 14
>> 0 9: 0 0 3 12 | 15
>> 5 9: 0 0 12 1 | 13
>> 0 9: 0 0 3 13 | 16
>> 0 9: 0 0 3 14 | 17
>> 0 9: 0 0 3 14 | 17
>> 0 19: 0 0 17 1 | 18
>> 0 9: 0 0 3 14 | 17
>> 0 19: 0 0 17 2 | 19
>> 0 9: 0 0 3 14 | 17
>> 0 19: 0 0 17 3 | 20
>> 0 9: 0 0 3 14 | 17
>> 10 14: 0 0 3 1 | 4
>> 0 19: 0 0 17 4 | 21
>> 0 9: 0 0 3 14 | 17
>> 0 19: 0 0 17 5 | 22
>> 0 9: 0 0 3 14 | 17
>> 10 19: 0 0 5 1 | 6
>> 0 19: 0 0 17 6 | 23
>> 0 9: 0 0 3 14 | 17
>> 10 19: 0 0 5 2 | 7
>> 0 19: 0 0 17 7 | 24
>> 0 9: 0 0 3 14 | 17
>> 10 19: 0 0 5 3 | 8
>> 0 19: 0 0 17 8 | 25
>> 0 9: 0 0 3 14 | 17
>> 15 19: 0 0 3 6 | 9
>> 10 19: 0 0 5 9 | 14
>> 0 19: 0 0 17 14 | 31
>> 5 9: 0 0 12 1 | 13
>> 0 19: 0 0 14 1 | 15
>> 0 19: 0 0 14 2 | 16
>> 0 19: 0 0 14 3 | 17
>> 10 14: 0 0 3 1 | 4
>> 0 19: 0 0 14 4 | 18
>> 0 19: 0 0 14 5 | 19
>> 10 19: 0 0 5 1 | 6
>> 0 19: 0 0 14 6 | 20
>> 10 19: 0 0 5 2 | 7
>> 0 19: 0 0 14 7 | 21
>> 10 19: 0 0 5 3 | 8
>> 0 19: 0 0 14 8 | 22
>> 15 19: 0 0 3 6 | 9
>> 10 19: 0 0 5 9 | 14
>> 0 19: 0 0 14 14 | 28
>> 5 7: 0 0 1 1 | 2
>> 5 7: 0 0 1 1 | 2
>> 5 9: 0 0 2 1 | 3
>> 5 7: 0 0 1 1 | 2
>> 5 9: 0 0 2 2 | 4
>> 5 7: 0 0 1 1 | 2
>> 5 9: 0 0 2 2 | 4
>> 0 19: 0 0 4 1 | 5
>> 5 7: 0 0 1 1 | 2
>> 5 9: 0 0 2 2 | 4
>> 0 19: 0 0 4 2 | 6
>> 5 7: 0 0 1 1 | 2
>> 5 9: 0 0 2 2 | 4
>> 0 19: 0 0 4 3 | 7
>> 5 7: 0 0 1 1 | 2
>> 5 9: 0 0 2 2 | 4
>> 10 14: 0 0 3 1 | 4
>> 0 19: 0 0 4 4 | 8
>> 5 7: 0 0 1 1 | 2
>> 5 9: 0 0 2 2 | 4
>> 0 19: 0 0 4 5 | 9
>> 5 7: 0 0 1 1 | 2
>> 5 9: 0 0 2 2 | 4
>> 10 19: 0 0 5 1 | 6
>> 0 19: 0 0 4 6 | 10
>> 5 7: 0 0 1 1 | 2
>> 5 9: 0 0 2 2 | 4
>> 10 19: 0 0 5 2 | 7
>> 0 19: 0 0 4 7 | 11
>> 5 7: 0 0 1 1 | 2
>> 5 9: 0 0 2 2 | 4
>> 10 19: 0 0 5 3 | 8
>> 0 19: 0 0 4 8 | 12
>> 5 7: 0 0 1 1 | 2
>> 5 9: 0 0 2 2 | 4
>> 15 19: 0 0 3 6 | 9
>> 10 19: 0 0 5 9 | 14
>> 0 19: 0 0 4 14 | 18
>> 5 9: 0 0 1 1 | 2
>> 5 9: 0 0 1 2 | 3
>> 5 9: 0 0 1 2 | 3
>> 0 19: 0 0 3 1 | 4
>> 5 9: 0 0 1 2 | 3
>> 0 19: 0 0 3 2 | 5
>> 5 9: 0 0 1 2 | 3
>> 0 19: 0 0 3 3 | 6
>> 5 9: 0 0 1 2 | 3
>> 10 14: 0 0 3 1 | 4
>> 0 19: 0 0 3 4 | 7
>> 5 9: 0 0 1 2 | 3
>> 0 19: 0 0 3 5 | 8
>> 5 9: 0 0 1 2 | 3
>> 10 19: 0 0 5 1 | 6
>> 0 19: 0 0 3 6 | 9
>> 5 9: 0 0 1 2 | 3
>> 10 19: 0 0 5 2 | 7
>> 0 19: 0 0 3 7 | 10
>> 5 9: 0 0 1 2 | 3
>> 10 19: 0 0 5 3 | 8
>> 0 19: 0 0 3 8 | 11
>> 5 9: 0 0 1 2 | 3
>> 15 19: 0 0 3 6 | 9
>> 10 19: 0 0 5 9 | 14
>> 0 19: 0 0 3 14 | 17
>> 0 19: 0 0 2 1 | 3
>> 0 19: 0 0 2 2 | 4
>> 0 19: 0 0 2 3 | 5
>> 10 14: 0 0 3 1 | 4
>> 0 19: 0 0 2 4 | 6
>> 0 19: 0 0 2 5 | 7
>> 10 19: 0 0 5 1 | 6
>> 0 19: 0 0 2 6 | 8
>> 10 19: 0 0 5 2 | 7
>> 0 19: 0 0 2 7 | 9
>> 10 19: 0 0 5 3 | 8
>> 0 19: 0 0 2 8 | 10
>> 15 19: 0 0 3 6 | 9
>> 10 19: 0 0 5 9 | 14
>> 0 19: 0 0 2 14 | 16
>> 0 19: 0 0 1 1 | 2
>> 0 19: 0 0 1 2 | 3
>> 0 19: 0 0 1 3 | 4
>> 10 14: 0 0 3 1 | 4
>> 0 19: 0 0 1 4 | 5
>> 0 19: 0 0 1 5 | 6
>> 10 19: 0 0 5 1 | 6
>> 0 19: 0 0 1 6 | 7
>> 10 19: 0 0 5 2 | 7
>> 0 19: 0 0 1 7 | 8
>> 10 19: 0 0 5 3 | 8
>> 0 19: 0 0 1 8 | 9
>> 15 19: 0 0 3 6 | 9
>> 10 19: 0 0 5 9 | 14
>> 0 19: 0 0 1 14 | 15
>> 10 14: 0 0 3 1 | 4
>> 10 19: 0 0 5 1 | 6
>> 10 19: 0 0 5 2 | 7
>> 10 19: 0 0 5 3 | 8
>> 15 19: 0 0 3 6 | 9
>> 10 19: 0 0 5 9 | 14
>> 10 12: 0 0 1 1 | 2
>> 10 12: 0 0 1 1 | 2
>> 10 14: 0 0 2 1 | 3
>> 10 12: 0 0 1 1 | 2
>> 10 14: 0 0 2 2 | 4
>> 10 12: 0 0 1 1 | 2
>> 10 14: 0 0 2 2 | 4
>> 10 19: 0 0 4 1 | 5
>> 10 12: 0 0 1 1 | 2
>> 10 14: 0 0 2 2 | 4
>> 10 19: 0 0 4 2 | 6
>> 10 12: 0 0 1 1 | 2
>> 10 14: 0 0 2 2 | 4
>> 10 19: 0 0 4 3 | 7
>> 10 12: 0 0 1 1 | 2
>> 10 14: 0 0 2 2 | 4
>> 15 19: 0 0 3 6 | 9
>> 10 19: 0 0 4 9 | 13
>> 10 14: 0 0 1 1 | 2
>> 10 14: 0 0 1 2 | 3
>> 10 14: 0 0 1 2 | 3
>> 10 19: 0 0 3 1 | 4
>> 10 14: 0 0 1 2 | 3
>> 10 19: 0 0 3 2 | 5
>> 10 14: 0 0 1 2 | 3
>> 10 19: 0 0 3 3 | 6
>> 10 14: 0 0 1 2 | 3
>> 15 19: 0 0 3 6 | 9
>> 10 19: 0 0 3 9 | 12
>> 10 19: 0 0 2 1 | 3
>> 10 19: 0 0 2 2 | 4
>> 10 19: 0 0 2 3 | 5
>> 15 19: 0 0 3 6 | 9
>> 10 19: 0 0 2 9 | 11
>> 10 19: 0 0 1 1 | 2
>> 10 19: 0 0 1 2 | 3
>> 10 19: 0 0 1 3 | 4
>> 15 19: 0 0 3 6 | 9
>> 10 19: 0 0 1 9 | 10
>> 15 19: 0 0 3 6 | 9
>> 15 17: 0 0 1 1 | 2
>> 15 17: 0 0 1 1 | 2
>> 15 19: 0 0 2 6 | 8
>> 15 19: 0 0 1 6 | 7
>> i, j = 20 20
>> v[i], v[j] = 2 2
>> >> q, s = 0 0
>> update 14 19 0
  0   0   0   0   0   0   0   0   0   0   0   0   0   0   0   0   0   0   0   0 
  0   0   0   0   0   0   0   0   0   0   0   0   0   0   0   0   0   0   0   0 
>> 0 4: 0 0 4 1 | 5
>> 0 9: 0 0 8 10 | 18
>> 0 9: 0 0 8 11 | 19
>> 0 9: 0 0 8 12 | 20
>> 5 9: 0 0 12 1 | 13
>> 0 9: 0 0 8 13 | 21
>> 0 19: 0 0 22 1 | 23
>> 0 19: 0 0 22 2 | 24
>> 0 19: 0 0 22 3 | 25
>> 10 14: 0 0 3 1 | 4
>> 0 19: 0 0 22 4 | 26
>> 0 19: 0 0 22 5 | 27
>> 10 19: 0 0 5 1 | 6
>> 0 19: 0 0 22 6 | 28
>> 10 19: 0 0 5 2 | 7
>> 0 19: 0 0 22 7 | 29
>> 10 19: 0 0 5 3 | 8
>> 0 19: 0 0 22 8 | 30
>> 15 19: 0 0 3 6 | 9
>> 10 19: 0 0 5 9 | 14
>> 0 19: 0 0 22 14 | 36
>> 0 2: 0 0 1 1 | 2
>> 0 2: 0 0 1 1 | 2
>> 0 4: 0 0 2 1 | 3
>> 0 2: 0 0 1 1 | 2
>> 0 4: 0 0 2 4 | 6
>> 0 2: 0 0 1 1 | 2
>> 0 4: 0 0 2 4 | 6
>> 0 9: 0 0 6 10 | 16
>> 0 2: 0 0 1 1 | 2
>> 0 4: 0 0 2 4 | 6
>> 0 9: 0 0 6 11 | 17
>> 0 2: 0 0 1 1 | 2
>> 0 4: 0 0 2 4 | 6
>> 0 9: 0 0 6 12 | 18
>> 0 2: 0 0 1 1 | 2
>> 0 4: 0 0 2 4 | 6
>> 5 9: 0 0 12 1 | 13
>> 0 9: 0 0 6 13 | 19
>> 0 2: 0 0 1 1 | 2
>> 0 4: 0 0 2 4 | 6
>> 0 9: 0 0 6 14 | 20
>> 0 2: 0 0 1 1 | 2
>> 0 4: 0 0 2 4 | 6
>> 0 9: 0 0 6 14 | 20
>> 0 19: 0 0 20 1 | 21
>> 0 2: 0 0 1 1 | 2
>> 0 4: 0 0 2 4 | 6
>> 0 9: 0 0 6 14 | 20
>> 0 19: 0 0 20 2 | 22
>> 0 2: 0 0 1 1 | 2
>> 0 4: 0 0 2 4 | 6
>> 0 9: 0 0 6 14 | 20
>> 0 19: 0 0 20 3 | 23
>> 0 2: 0 0 1 1 | 2
>> 0 4: 0 0 2 4 | 6
>> 0 9: 0 0 6 14 | 20
>> 10 14: 0 0 3 1 | 4
>> 0 19: 0 0 20 4 | 24
>> 0 2: 0 0 1 1 | 2
>> 0 4: 0 0 2 4 | 6
>> 0 9: 0 0 6 14 | 20
>> 0 19: 0 0 20 5 | 25
>> 0 2: 0 0 1 1 | 2
>> 0 4: 0 0 2 4 | 6
>> 0 9: 0 0 6 14 | 20
>> 10 19: 0 0 5 1 | 6
>> 0 19: 0 0 20 6 | 26
>> 0 2: 0 0 1 1 | 2
>> 0 4: 0 0 2 4 | 6
>> 0 9: 0 0 6 14 | 20
>> 10 19: 0 0 5 2 | 7
>> 0 19: 0 0 20 7 | 27
>> 0 2: 0 0 1 1 | 2
>> 0 4: 0 0 2 4 | 6
>> 0 9: 0 0 6 14 | 20
>> 10 19: 0 0 5 3 | 8
>> 0 19: 0 0 20 8 | 28
>> 0 2: 0 0 1 1 | 2
>> 0 4: 0 0 2 4 | 6
>> 0 9: 0 0 6 14 | 20
>> 15 19: 0 0 3 6 | 9
>> 10 19: 0 0 5 9 | 14
>> 0 19: 0 0 20 14 | 34
>> 0 4: 0 0 1 1 | 2
>> 0 4: 0 0 1 4 | 5
>> 0 4: 0 0 1 4 | 5
>> 0 9: 0 0 5 10 | 15
>> 0 4: 0 0 1 4 | 5
>> 0 9: 0 0 5 11 | 16
>> 0 4: 0 0 1 4 | 5
>> 0 9: 0 0 5 12 | 17
>> 0 4: 0 0 1 4 | 5
>> 5 9: 0 0 12 1 | 13
>> 0 9: 0 0 5 13 | 18
>> 0 4: 0 0 1 4 | 5
>> 0 9: 0 0 5 14 | 19
>> 0 4: 0 0 1 4 | 5
>> 0 9: 0 0 5 14 | 19
>> 0 19: 0 0 19 1 | 20
>> 0 4: 0 0 1 4 | 5
>> 0 9: 0 0 5 14 | 19
>> 0 19: 0 0 19 2 | 21
>> 0 4: 0 0 1 4 | 5
>> 0 9: 0 0 5 14 | 19
>> 0 19: 0 0 19 3 | 22
>> 0 4: 0 0 1 4 | 5
>> 0 9: 0 0 5 14 | 19
>> 10 14: 0 0 3 1 | 4
>> 0 19: 0 0 19 4 | 23
>> 0 4: 0 0 1 4 | 5
>> 0 9: 0 0 5 14 | 19
>> 0 19: 0 0 19 5 | 24
>> 0 4: 0 0 1 4 | 5
>> 0 9: 0 0 5 14 | 19
>> 10 19: 0 0 5 1 | 6
>> 0 19: 0 0 19 6 | 25
>> 0 4: 0 0 1 4 | 5
>> 0 9: 0 0 5 14 | 19
>> 10 19: 0 0 5 2 | 7
>> 0 19: 0 0 19 7 | 26
>> 0 4: 0 0 1 4 | 5
>> 0 9: 0 0 5 14 | 19
>> 10 19: 0 0 5 3 | 8
>> 0 19: 0 0 19 8 | 27
>> 0 4: 0 0 1 4 | 5
>> 0 9: 0 0 5 14 | 19
>> 15 19: 0 0 3 6 | 9
>> 10 19: 0 0 5 9 | 14
>> 0 19: 0 0 19 14 | 33
>> 0 9: 0 0 4 10 | 14
>> 0 9: 0 0 4 11 | 15
>> 0 9: 0 0 4 12 | 16
>> 5 9: 0 0 12 1 | 13
>> 0 9: 0 0 4 13 | 17
>> 0 9: 0 0 4 14 | 18
>> 0 9: 0 0 4 14 | 18
>> 0 19: 0 0 18 1 | 19
>> 0 9: 0 0 4 14 | 18
>> 0 19: 0 0 18 2 | 20
>> 0 9: 0 0 4 14 | 18
>> 0 19: 0 0 18 3 | 21
>> 0 9: 0 0 4 14 | 18
>> 10 14: 0 0 3 1 | 4
>> 0 19: 0 0 18 4 | 22
>> 0 9: 0 0 4 14 | 18
>> 0 19: 0 0 18 5 | 23
>> 0 9: 0 0 4 14 | 18
>> 10 19: 0 0 5 1 | 6
>> 0 19: 0 0 18 6 | 24
>> 0 9: 0 0 4 14 | 18
>> 10 19: 0 0 5 2 | 7
>> 0 19: 0 0 18 7 | 25
>> 0 9: 0 0 4 14 | 18
>> 10 19: 0 0 5 3 | 8
>> 0 19: 0 0 18 8 | 26
>> 0 9: 0 0 4 14 | 18
>> 15 19: 0 0 3 6 | 9
>> 10 19: 0 0 5 9 | 14
>> 0 19: 0 0 18 14 | 32
>> 0 9: 0 0 3 10 | 13
>> 0 9: 0 0 3 11 | 14
>> 0 9: 0 0 3 12 | 15
>> 5 9: 0 0 12 1 | 13
>> 0 9: 0 0 3 13 | 16
>> 0 9: 0 0 3 14 | 17
>> 0 9: 0 0 3 14 | 17
>> 0 19: 0 0 17 1 | 18
>> 0 9: 0 0 3 14 | 17
>> 0 19: 0 0 17 2 | 19
>> 0 9: 0 0 3 14 | 17
>> 0 19: 0 0 17 3 | 20
>> 0 9: 0 0 3 14 | 17
>> 10 14: 0 0 3 1 | 4
>> 0 19: 0 0 17 4 | 21
>> 0 9: 0 0 3 14 | 17
>> 0 19: 0 0 17 5 | 22
>> 0 9: 0 0 3 14 | 17
>> 10 19: 0 0 5 1 | 6
>> 0 19: 0 0 17 6 | 23
>> 0 9: 0 0 3 14 | 17
>> 10 19: 0 0 5 2 | 7
>> 0 19: 0 0 17 7 | 24
>> 0 9: 0 0 3 14 | 17
>> 10 19: 0 0 5 3 | 8
>> 0 19: 0 0 17 8 | 25
>> 0 9: 0 0 3 14 | 17
>> 15 19: 0 0 3 6 | 9
>> 10 19: 0 0 5 9 | 14
>> 0 19: 0 0 17 14 | 31
>> 5 9: 0 0 12 1 | 13
>> 0 19: 0 0 14 1 | 15
>> 0 19: 0 0 14 2 | 16
>> 0 19: 0 0 14 3 | 17
>> 10 14: 0 0 3 1 | 4
>> 0 19: 0 0 14 4 | 18
>> 0 19: 0 0 14 5 | 19
>> 10 19: 0 0 5 1 | 6
>> 0 19: 0 0 14 6 | 20
>> 10 19: 0 0 5 2 | 7
>> 0 19: 0 0 14 7 | 21
>> 10 19: 0 0 5 3 | 8
>> 0 19: 0 0 14 8 | 22
>> 15 19: 0 0 3 6 | 9
>> 10 19: 0 0 5 9 | 14
>> 0 19: 0 0 14 14 | 28
>> 5 7: 0 0 1 1 | 2
>> 5 7: 0 0 1 1 | 2
>> 5 9: 0 0 2 1 | 3
>> 5 7: 0 0 1 1 | 2
>> 5 9: 0 0 2 2 | 4
>> 5 7: 0 0 1 1 | 2
>> 5 9: 0 0 2 2 | 4
>> 0 19: 0 0 4 1 | 5
>> 5 7: 0 0 1 1 | 2
>> 5 9: 0 0 2 2 | 4
>> 0 19: 0 0 4 2 | 6
>> 5 7: 0 0 1 1 | 2
>> 5 9: 0 0 2 2 | 4
>> 0 19: 0 0 4 3 | 7
>> 5 7: 0 0 1 1 | 2
>> 5 9: 0 0 2 2 | 4
>> 10 14: 0 0 3 1 | 4
>> 0 19: 0 0 4 4 | 8
>> 5 7: 0 0 1 1 | 2
>> 5 9: 0 0 2 2 | 4
>> 0 19: 0 0 4 5 | 9
>> 5 7: 0 0 1 1 | 2
>> 5 9: 0 0 2 2 | 4
>> 10 19: 0 0 5 1 | 6
>> 0 19: 0 0 4 6 | 10
>> 5 7: 0 0 1 1 | 2
>> 5 9: 0 0 2 2 | 4
>> 10 19: 0 0 5 2 | 7
>> 0 19: 0 0 4 7 | 11
>> 5 7: 0 0 1 1 | 2
>> 5 9: 0 0 2 2 | 4
>> 10 19: 0 0 5 3 | 8
>> 0 19: 0 0 4 8 | 12
>> 5 7: 0 0 1 1 | 2
>> 5 9: 0 0 2 2 | 4
>> 15 19: 0 0 3 6 | 9
>> 10 19: 0 0 5 9 | 14
>> 0 19: 0 0 4 14 | 18
>> 5 9: 0 0 1 1 | 2
>> 5 9: 0 0 1 2 | 3
>> 5 9: 0 0 1 2 | 3
>> 0 19: 0 0 3 1 | 4
>> 5 9: 0 0 1 2 | 3
>> 0 19: 0 0 3 2 | 5
>> 5 9: 0 0 1 2 | 3
>> 0 19: 0 0 3 3 | 6
>> 5 9: 0 0 1 2 | 3
>> 10 14: 0 0 3 1 | 4
>> 0 19: 0 0 3 4 | 7
>> 5 9: 0 0 1 2 | 3
>> 0 19: 0 0 3 5 | 8
>> 5 9: 0 0 1 2 | 3
>> 10 19: 0 0 5 1 | 6
>> 0 19: 0 0 3 6 | 9
>> 5 9: 0 0 1 2 | 3
>> 10 19: 0 0 5 2 | 7
>> 0 19: 0 0 3 7 | 10
>> 5 9: 0 0 1 2 | 3
>> 10 19: 0 0 5 3 | 8
>> 0 19: 0 0 3 8 | 11
>> 5 9: 0 0 1 2 | 3
>> 15 19: 0 0 3 6 | 9
>> 10 19: 0 0 5 9 | 14
>> 0 19: 0 0 3 14 | 17
>> 0 19: 0 0 2 1 | 3
>> 0 19: 0 0 2 2 | 4
>> 0 19: 0 0 2 3 | 5
>> 10 14: 0 0 3 1 | 4
>> 0 19: 0 0 2 4 | 6
>> 0 19: 0 0 2 5 | 7
>> 10 19: 0 0 5 1 | 6
>> 0 19: 0 0 2 6 | 8
>> 10 19: 0 0 5 2 | 7
>> 0 19: 0 0 2 7 | 9
>> 10 19: 0 0 5 3 | 8
>> 0 19: 0 0 2 8 | 10
>> 15 19: 0 0 3 6 | 9
>> 10 19: 0 0 5 9 | 14
>> 0 19: 0 0 2 14 | 16
>> 0 19: 0 0 1 1 | 2
>> 0 19: 0 0 1 2 | 3
>> 0 19: 0 0 1 3 | 4
>> 10 14: 0 0 3 1 | 4
>> 0 19: 0 0 1 4 | 5
>> 0 19: 0 0 1 5 | 6
>> 10 19: 0 0 5 1 | 6
>> 0 19: 0 0 1 6 | 7
>> 10 19: 0 0 5 2 | 7
>> 0 19: 0 0 1 7 | 8
>> 10 19: 0 0 5 3 | 8
>> 0 19: 0 0 1 8 | 9
>> 15 19: 0 0 3 6 | 9
>> 10 19: 0 0 5 9 | 14
>> 0 19: 0 0 1 14 | 15
>> 10 14: 0 0 3 1 | 4
>> 10 19: 0 0 5 1 | 6
>> 10 19: 0 0 5 2 | 7
>> 10 19: 0 0 5 3 | 8
>> 15 19: 0 0 3 6 | 9
>> 10 19: 0 0 5 9 | 14
>> 10 12: 0 0 1 1 | 2
>> 10 12: 0 0 1 1 | 2
>> 10 14: 0 0 2 1 | 3
>> 10 12: 0 0 1 1 | 2
>> 10 14: 0 0 2 2 | 4
>> 10 12: 0 0 1 1 | 2
>> 10 14: 0 0 2 2 | 4
>> 10 19: 0 0 4 1 | 5
>> 10 12: 0 0 1 1 | 2
>> 10 14: 0 0 2 2 | 4
>> 10 19: 0 0 4 2 | 6
>> 10 12: 0 0 1 1 | 2
>> 10 14: 0 0 2 2 | 4
>> 10 19: 0 0 4 3 | 7
>> 10 12: 0 0 1 1 | 2
>> 10 14: 0 0 2 2 | 4
>> 15 19: 0 0 3 6 | 9
>> 10 19: 0 0 4 9 | 13
>> 10 14: 0 0 1 1 | 2
>> 10 14: 0 0 1 2 | 3
>> 10 14: 0 0 1 2 | 3
>> 10 19: 0 0 3 1 | 4
>> 10 14: 0 0 1 2 | 3
>> 10 19: 0 0 3 2 | 5
>> 10 14: 0 0 1 2 | 3
>> 10 19: 0 0 3 3 | 6
>> 10 14: 0 0 1 2 | 3
>> 15 19: 0 0 3 6 | 9
>> 10 19: 0 0 3 9 | 12
>> 10 19: 0 0 2 1 | 3
>> 10 19: 0 0 2 2 | 4
>> 10 19: 0 0 2 3 | 5
>> 15 19: 0 0 3 6 | 9
>> 10 19: 0 0 2 9 | 11
>> 10 19: 0 0 1 1 | 2
>> 10 19: 0 0 1 2 | 3
>> 10 19: 0 0 1 3 | 4
>> 15 19: 0 0 3 6 | 9
>> 10 19: 0 0 1 9 | 10
>> 15 19: 0 0 3 6 | 9
>> 15 17: 0 0 1 1 | 2
>> 15 17: 0 0 1 1 | 2
>> 15 19: 0 0 2 6 | 8
>> 15 19: 0 0 1 6 | 7
>> i, j = 20 20
>> v[i], v[j] = 2 2
>> >> q, s = 0 0
>> update 6 16 0
  0   0   0   0   0   0   0   0   0   0   0   0   0   0   0   0   0   0   0   0 
  0   0   0   0   0   0   0   0   0   0   0   0   0   0   0   0   0   0   0   0 
>> 0 4: 0 0 4 1 | 5
>> 0 9: 0 0 8 10 | 18
>> 0 9: 0 0 8 11 | 19
>> 0 9: 0 0 8 12 | 20
>> 5 9: 0 0 12 1 | 13
>> 0 9: 0 0 8 13 | 21
>> 0 19: 0 0 22 1 | 23
>> 0 19: 0 0 22 2 | 24
>> 0 19: 0 0 22 3 | 25
>> 10 14: 0 0 3 1 | 4
>> 0 19: 0 0 22 4 | 26
>> 0 19: 0 0 22 5 | 27
>> 10 19: 0 0 5 1 | 6
>> 0 19: 0 0 22 6 | 28
>> 10 19: 0 0 5 2 | 7
>> 0 19: 0 0 22 7 | 29
>> 10 19: 0 0 5 3 | 8
>> 0 19: 0 0 22 8 | 30
>> 15 19: 0 0 3 6 | 9
>> 10 19: 0 0 5 9 | 14
>> 0 19: 0 0 22 14 | 36
>> 0 2: 0 0 1 1 | 2
>> 0 2: 0 0 1 1 | 2
>> 0 4: 0 0 2 1 | 3
>> 0 2: 0 0 1 1 | 2
>> 0 4: 0 0 2 4 | 6
>> 0 2: 0 0 1 1 | 2
>> 0 4: 0 0 2 4 | 6
>> 0 9: 0 0 6 10 | 16
>> 0 2: 0 0 1 1 | 2
>> 0 4: 0 0 2 4 | 6
>> 0 9: 0 0 6 11 | 17
>> 0 2: 0 0 1 1 | 2
>> 0 4: 0 0 2 4 | 6
>> 0 9: 0 0 6 12 | 18
>> 0 2: 0 0 1 1 | 2
>> 0 4: 0 0 2 4 | 6
>> 5 9: 0 0 12 1 | 13
>> 0 9: 0 0 6 13 | 19
>> 0 2: 0 0 1 1 | 2
>> 0 4: 0 0 2 4 | 6
>> 0 9: 0 0 6 14 | 20
>> 0 2: 0 0 1 1 | 2
>> 0 4: 0 0 2 4 | 6
>> 0 9: 0 0 6 14 | 20
>> 0 19: 0 0 20 1 | 21
>> 0 2: 0 0 1 1 | 2
>> 0 4: 0 0 2 4 | 6
>> 0 9: 0 0 6 14 | 20
>> 0 19: 0 0 20 2 | 22
>> 0 2: 0 0 1 1 | 2
>> 0 4: 0 0 2 4 | 6
>> 0 9: 0 0 6 14 | 20
>> 0 19: 0 0 20 3 | 23
>> 0 2: 0 0 1 1 | 2
>> 0 4: 0 0 2 4 | 6
>> 0 9: 0 0 6 14 | 20
>> 10 14: 0 0 3 1 | 4
>> 0 19: 0 0 20 4 | 24
>> 0 2: 0 0 1 1 | 2
>> 0 4: 0 0 2 4 | 6
>> 0 9: 0 0 6 14 | 20
>> 0 19: 0 0 20 5 | 25
>> 0 2: 0 0 1 1 | 2
>> 0 4: 0 0 2 4 | 6
>> 0 9: 0 0 6 14 | 20
>> 10 19: 0 0 5 1 | 6
>> 0 19: 0 0 20 6 | 26
>> 0 2: 0 0 1 1 | 2
>> 0 4: 0 0 2 4 | 6
>> 0 9: 0 0 6 14 | 20
>> 10 19: 0 0 5 2 | 7
>> 0 19: 0 0 20 7 | 27
>> 0 2: 0 0 1 1 | 2
>> 0 4: 0 0 2 4 | 6
>> 0 9: 0 0 6 14 | 20
>> 10 19: 0 0 5 3 | 8
>> 0 19: 0 0 20 8 | 28
>> 0 2: 0 0 1 1 | 2
>> 0 4: 0 0 2 4 | 6
>> 0 9: 0 0 6 14 | 20
>> 15 19: 0 0 3 6 | 9
>> 10 19: 0 0 5 9 | 14
>> 0 19: 0 0 20 14 | 34
>> 0 4: 0 0 1 1 | 2
>> 0 4: 0 0 1 4 | 5
>> 0 4: 0 0 1 4 | 5
>> 0 9: 0 0 5 10 | 15
>> 0 4: 0 0 1 4 | 5
>> 0 9: 0 0 5 11 | 16
>> 0 4: 0 0 1 4 | 5
>> 0 9: 0 0 5 12 | 17
>> 0 4: 0 0 1 4 | 5
>> 5 9: 0 0 12 1 | 13
>> 0 9: 0 0 5 13 | 18
>> 0 4: 0 0 1 4 | 5
>> 0 9: 0 0 5 14 | 19
>> 0 4: 0 0 1 4 | 5
>> 0 9: 0 0 5 14 | 19
>> 0 19: 0 0 19 1 | 20
>> 0 4: 0 0 1 4 | 5
>> 0 9: 0 0 5 14 | 19
>> 0 19: 0 0 19 2 | 21
>> 0 4: 0 0 1 4 | 5
>> 0 9: 0 0 5 14 | 19
>> 0 19: 0 0 19 3 | 22
>> 0 4: 0 0 1 4 | 5
>> 0 9: 0 0 5 14 | 19
>> 10 14: 0 0 3 1 | 4
>> 0 19: 0 0 19 4 | 23
>> 0 4: 0 0 1 4 | 5
>> 0 9: 0 0 5 14 | 19
>> 0 19: 0 0 19 5 | 24
>> 0 4: 0 0 1 4 | 5
>> 0 9: 0 0 5 14 | 19
>> 10 19: 0 0 5 1 | 6
>> 0 19: 0 0 19 6 | 25
>> 0 4: 0 0 1 4 | 5
>> 0 9: 0 0 5 14 | 19
>> 10 19: 0 0 5 2 | 7
>> 0 19: 0 0 19 7 | 26
>> 0 4: 0 0 1 4 | 5
>> 0 9: 0 0 5 14 | 19
>> 10 19: 0 0 5 3 | 8
>> 0 19: 0 0 19 8 | 27
>> 0 4: 0 0 1 4 | 5
>> 0 9: 0 0 5 14 | 19
>> 15 19: 0 0 3 6 | 9
>> 10 19: 0 0 5 9 | 14
>> 0 19: 0 0 19 14 | 33
>> 0 9: 0 0 4 10 | 14
>> 0 9: 0 0 4 11 | 15
>> 0 9: 0 0 4 12 | 16
>> 5 9: 0 0 12 1 | 13
>> 0 9: 0 0 4 13 | 17
>> 0 9: 0 0 4 14 | 18
>> 0 9: 0 0 4 14 | 18
>> 0 19: 0 0 18 1 | 19
>> 0 9: 0 0 4 14 | 18
>> 0 19: 0 0 18 2 | 20
>> 0 9: 0 0 4 14 | 18
>> 0 19: 0 0 18 3 | 21
>> 0 9: 0 0 4 14 | 18
>> 10 14: 0 0 3 1 | 4
>> 0 19: 0 0 18 4 | 22
>> 0 9: 0 0 4 14 | 18
>> 0 19: 0 0 18 5 | 23
>> 0 9: 0 0 4 14 | 18
>> 10 19: 0 0 5 1 | 6
>> 0 19: 0 0 18 6 | 24
>> 0 9: 0 0 4 14 | 18
>> 10 19: 0 0 5 2 | 7
>> 0 19: 0 0 18 7 | 25
>> 0 9: 0 0 4 14 | 18
>> 10 19: 0 0 5 3 | 8
>> 0 19: 0 0 18 8 | 26
>> 0 9: 0 0 4 14 | 18
>> 15 19: 0 0 3 6 | 9
>> 10 19: 0 0 5 9 | 14
>> 0 19: 0 0 18 14 | 32
>> 0 9: 0 0 3 10 | 13
>> 0 9: 0 0 3 11 | 14
>> 0 9: 0 0 3 12 | 15
>> 5 9: 0 0 12 1 | 13
>> 0 9: 0 0 3 13 | 16
>> 0 9: 0 0 3 14 | 17
>> 0 9: 0 0 3 14 | 17
>> 0 19: 0 0 17 1 | 18
>> 0 9: 0 0 3 14 | 17
>> 0 19: 0 0 17 2 | 19
>> 0 9: 0 0 3 14 | 17
>> 0 19: 0 0 17 3 | 20
>> 0 9: 0 0 3 14 | 17
>> 10 14: 0 0 3 1 | 4
>> 0 19: 0 0 17 4 | 21
>> 0 9: 0 0 3 14 | 17
>> 0 19: 0 0 17 5 | 22
>> 0 9: 0 0 3 14 | 17
>> 10 19: 0 0 5 1 | 6
>> 0 19: 0 0 17 6 | 23
>> 0 9: 0 0 3 14 | 17
>> 10 19: 0 0 5 2 | 7
>> 0 19: 0 0 17 7 | 24
>> 0 9: 0 0 3 14 | 17
>> 10 19: 0 0 5 3 | 8
>> 0 19: 0 0 17 8 | 25
>> 0 9: 0 0 3 14 | 17
>> 15 19: 0 0 3 6 | 9
>> 10 19: 0 0 5 9 | 14
>> 0 19: 0 0 17 14 | 31
>> 5 9: 0 0 12 1 | 13
>> 0 19: 0 0 14 1 | 15
>> 0 19: 0 0 14 2 | 16
>> 0 19: 0 0 14 3 | 17
>> 10 14: 0 0 3 1 | 4
>> 0 19: 0 0 14 4 | 18
>> 0 19: 0 0 14 5 | 19
>> 10 19: 0 0 5 1 | 6
>> 0 19: 0 0 14 6 | 20
>> 10 19: 0 0 5 2 | 7
>> 0 19: 0 0 14 7 | 21
>> 10 19: 0 0 5 3 | 8
>> 0 19: 0 0 14 8